   0.0000000e+00   0.0000000e+00  -9.8000000e-02   2.6900000e-01
   0.0000000e+00   0.0000000e+00   8.0000000e-02   3.2700000e-01
   0.0000000e+00   0.0000000e+00   9.8000000e-02  -2.6900000e-01
   0.0000000e+00   0.0000000e+00  -8.0000000e-02  -3.2700000e-01
   7.0310466e-02  -6.0451636e-02  -3.5945993e-02  -1.1885675e-01
  -1.0034207e-01   6.3016137e-02   4.8102447e-02   1.1668082e-01
  -7.0310466e-02   6.0451636e-02   3.5945993e-02   1.1885675e-01
   1.0034207e-01  -6.3016137e-02  -4.8102447e-02  -1.1668082e-01
  -1.3703177e-02   1.8336197e-02  -7.8797373e-02   2.5199403e-01
  -2.5572617e-02   1.1933409e-02   8.1305627e-02   3.0339070e-01
   1.3703177e-02  -1.8336197e-02   7.8797373e-02  -2.5199403e-01
   2.5572617e-02  -1.1933409e-02  -8.1305627e-02  -3.0339070e-01
   6.9266232e-02  -5.9379765e-02  -3.5083162e-02  -1.0679599e-01
  -6.9266232e-02   5.9379765e-02   3.5083162e-02   1.0679599e-01
  -2.4698902e-02   3.3480948e-02  -6.2322973e-02   2.3511510e-01
  -4.6278094e-02   2.1368638e-02   8.1465403e-02   2.8030306e-01
   2.4698902e-02  -3.3480948e-02   6.2322973e-02  -2.3511510e-01
   4.6278094e-02  -2.1368638e-02  -8.1465403e-02  -2.8030306e-01
   6.7539648e-02  -5.7844060e-02  -3.3948693e-02  -9.5628003e-02
  -6.7539648e-02   5.7844060e-02   3.3948693e-02   9.5628003e-02
  -3.3329469e-02   4.5825840e-02  -4.8253666e-02   2.1853769e-01
  -6.2747559e-02   2.8645194e-02   8.0672021e-02   2.5792684e-01
   3.3329469e-02  -4.5825840e-02   4.8253666e-02  -2.1853769e-01
   6.2747559e-02  -2.8645194e-02  -8.0672021e-02  -2.5792684e-01
  -3.9906367e-02   5.5724139e-02  -3.6298911e-02   2.0240169e-01
  -7.5548759e-02   3.4068053e-02   7.9096393e-02   2.3640868e-01
   3.9906367e-02  -5.5724139e-02   3.6298911e-02  -2.0240169e-01
   7.5548759e-02  -3.4068053e-02  -7.9096393e-02  -2.3640868e-01
  -4.4711790e-02   6.3493661e-02  -2.6198039e-02   1.8681682e-01
  -8.5190719e-02   3.7910095e-02   7.6889354e-02   2.1585808e-01
   4.4711790e-02  -6.3493661e-02   2.6198039e-02  -1.8681682e-01
   8.5190719e-02  -3.7910095e-02  -7.6889354e-02  -2.1585808e-01
  -4.8000253e-02   6.9419534e-02  -1.7717702e-02   1.7186678e-01
  -9.2128263e-02   4.0414497e-02   7.4183322e-02   1.9635281e-01
   4.8000253e-02  -6.9419534e-02   1.7717702e-02  -1.7186678e-01
   9.2128263e-02  -4.0414497e-02  -7.4183322e-02  -1.9635281e-01
  -5.0000280e-02   7.3756828e-02  -1.0649488e-02   1.5761286e-01
  -9.6766363e-02   4.1797068e-02   7.1093887e-02   1.7794371e-01
   5.0000280e-02  -7.3756828e-02   1.0649488e-02  -1.5761286e-01
   9.6766363e-02  -4.1797068e-02  -7.1093887e-02  -1.7794371e-01
  -5.0916131e-02   7.6733049e-02  -4.8076814e-03   1.4409723e-01
  -9.9464301e-02   4.2248506e-02   6.7721344e-02   1.6065896e-01
   5.0916131e-02  -7.6733049e-02   4.8076814e-03  -1.4409723e-01
   9.9464301e-02  -4.2248506e-02  -6.7721344e-02  -1.6065896e-01
  -5.0929524e-02   7.8550508e-02  -2.7189044e-05   1.3134581e-01
  -1.0053962e-01   4.1936553e-02   6.4152127e-02   1.4450781e-01
   5.0929524e-02  -7.8550508e-02   2.7189044e-05  -1.3134581e-01
   1.0053962e-01  -4.1936553e-02  -6.4152127e-02  -1.4450781e-01
  -5.0201349e-02   7.9388536e-02   3.8383907e-03   1.1937093e-01
  -1.0027188e-01   4.1008057e-02   6.0460182e-02   1.2948394e-01
   5.0201349e-02  -7.9388536e-02  -3.8383907e-03  -1.1937093e-01
   1.0027188e-01  -4.1008057e-02  -6.0460182e-02  -1.2948394e-01
  -4.8873334e-02   7.9405578e-02   6.9185551e-03   1.0817354e-01
  -9.8906148e-02   3.9590914e-02   5.6708241e-02   1.1556831e-01
   4.8873334e-02  -7.9405578e-02  -6.9185551e-03  -1.0817354e-01
   9.8906148e-02  -3.9590914e-02  -5.6708241e-02  -1.1556831e-01
  -4.7069664e-02   7.8741132e-02   9.3275467e-03   9.7745272e-02
  -9.6656325e-02   3.7795903e-02   5.2949012e-02   1.0273177e-01
   4.7069664e-02  -7.8741132e-02  -9.3275467e-03  -9.7745272e-02
   9.6656325e-02  -3.7795903e-02  -5.2949012e-02  -1.0273177e-01
  -4.4898529e-02   7.7517569e-02   1.1165874e-02   8.8070194e-02
  -9.3708205e-02   3.5718395e-02   4.9226287e-02   9.0937149e-02
   4.4898529e-02  -7.7517569e-02  -1.1165874e-02  -8.8070194e-02
   9.3708205e-02  -3.5718395e-02  -4.9226287e-02  -9.0937149e-02
  -4.2453606e-02   7.5841811e-02   1.2521708e-02   7.9126343e-02
  -9.0222331e-02   3.3439948e-02   4.5575960e-02   8.0141260e-02
   4.2453606e-02  -7.5841811e-02  -1.2521708e-02  -7.9126343e-02
   9.0222331e-02  -3.3439948e-02  -4.5575960e-02  -8.0141260e-02
  -3.9815455e-02   7.3806888e-02   1.3472163e-02   7.0887071e-02
  -8.6336642e-02   3.1029792e-02   4.2026968e-02   7.0296458e-02
   3.9815455e-02  -7.3806888e-02  -1.3472163e-02  -7.0887071e-02
   8.6336642e-02  -3.1029792e-02  -4.2026968e-02  -7.0296458e-02
  -3.7052832e-02   7.1493376e-02   1.4084465e-02   6.3322194e-02
   3.7052832e-02  -7.1493376e-02  -1.4084465e-02  -6.3322194e-02
  -3.4223923e-02   6.8970711e-02   1.4417024e-02   5.6398984e-02
   3.4223923e-02  -6.8970711e-02  -1.4417024e-02  -5.6398984e-02
  -3.1377482e-02   6.6298402e-02   1.4520400e-02   5.0083009e-02
   3.1377482e-02  -6.6298402e-02  -1.4520400e-02  -5.0083009e-02
  -2.8553897e-02   6.3527134e-02   1.4438192e-02   4.4338851e-02
   2.8553897e-02  -6.3527134e-02  -1.4438192e-02  -4.4338851e-02
